0 62 3
0 83 1
0 96 1
0 0 1
0 61 1
1 4 3
1 32 2
1 5 2
1 30 3
1 168 2
1 31 2
1 163 2
1 157 1
1 215 1
2 30 2
2 50 1
2 51 1
2 32 1
3 81 2
3 80 1
3 133 1
3 79 1
3 94 1
3 135 1
4 80 2
4 102 2
4 94 2
4 130 1
4 133 2
4 81 2
4 78 1
5 130 1
5 30 1
5 89 1
5 127 1
5 90 1
5 5 1
5 100 1
6 130 1
6 100 1
6 78 1
6 102 1
6 94 1
7 121 1
7 119 1
7 122 1
7 139 1
7 78 1
8 91 2
8 92 1
8 130 1
8 103 1
8 100 1
8 86 1
9 130 1
9 78 1
9 99 1
9 35 1
9 102 1
9 94 1
9 100 1
10 130 1
10 89 1
10 78 1
10 102 1
10 100 2
10 94 1
11 104 1
11 131 1
11 107 1
11 68 1
11 217 1
11 111 1
11 180 1
12 215 4
12 217 2
12 175 2
12 142 1
12 179 1
12 146 1
13 94 1
13 208 1
13 215 2
13 131 1
13 205 2
13 137 1
13 144 1
13 82 1
14 20 2
14 17 2
14 21 1
14 132 1
14 6 1
14 29 1
15 149 3
15 16 2
15 217 2
15 147 2
15 27 2
15 23 1
15 143 1
16 34 3
16 33 3
16 35 3
16 53 3
16 52 2
17 35 2
17 58 1
17 200 1
17 76 1
18 58 2
18 34 1
18 121 1
18 165 1
18 90 2
18 148 1
19 33 2
19 32 1
19 141 1
19 83 1
19 87 1
20 99 1
20 35 1
20 80 1
20 134 1
21 32 1
21 64 1
21 31 1
21 55 1
21 3 2
22 30 3
22 32 3
22 31 3
22 70 2
22 22 2
22 210 1
22 3 1
23 108 1
23 117 1
23 63 1
23 106 1
23 114 1
23 67 1
23 209 1
24 113 1
24 198 1
24 114 1
24 194 1
24 117 1
24 191 1
24 197 2
24 200 1
24 105 1
25 124 1
25 118 1
25 123 1
25 125 1
25 115 2
25 127 1
26 105 1
26 114 1
26 101 1
26 140 1
26 71 2
26 166 1
27 104 2
27 107 1
27 131 1
27 68 2
27 217 2
27 94 1
27 101 1
27 180 1
28 104 1
28 114 1
28 112 1
28 108 1
28 118 1
28 101 1
29 11 1
29 83 1
29 104 1
29 25 1
29 114 1
30 175 3
30 147 2
30 206 2
30 178 2
30 205 2
30 146 3
30 167 2
31 169 2
31 175 1
31 215 1
31 171 2
31 173 1
31 162 1
32 164 2
32 189 1
32 167 2
32 175 1
32 180 2
32 165 1
32 192 1
33 37 2
33 39 2
33 38 2
33 18 1
33 17 1
34 37 1
34 18 1
34 38 1
34 17 1
34 168 1
35 39 4
35 18 3
35 38 3
35 37 2
35 84 2
35 200 1
36 35 1
36 58 2
36 18 2
36 185 2
36 186 1
36 189 1
36 176 1
37 38 4
37 39 4
37 37 3
37 18 3
37 17 3
37 205 2
38 36 3
38 41 3
38 56 2
38 11 1
38 38 1
38 37 1
40 110 1
40 2 1
40 109 1
40 9 1
40 78 1
40 111 1
41 112 3
41 118 2
41 101 2
41 84 2
41 103 2
41 114 2
42 109 2
42 88 2
42 120 1
42 82 1
42 100 1
42 113 1
43 109 3
43 120 2
43 131 3
43 118 2
43 122 2
43 88 2
43 101 1
44 109 2
44 138 1
44 120 1
44 88 1
44 118 2
44 101 1
44 110 1
44 100 1
45 87 1
45 109 1
45 78 2
45 88 1
45 130 2
45 195 1
45 106 1
46 186 1
46 87 1
46 180 1
46 183 1
46 179 1
47 212 3
47 175 2
47 205 2
47 147 3
47 193 3
47 162 2
47 142 2
47 200 2
47 158 1
48 142 1
48 27 1
48 179 1
48 217 1
48 215 1
48 178 1
48 180 1
49 178 3
49 184 4
49 187 2
49 205 2
49 210 2
49 182 2
49 175 1
50 180 1
50 206 1
50 205 1
50 151 1
51 176 2
51 186 1
51 205 1
51 201 1
51 179 1
51 180 1
52 9 3
52 43 3
52 72 3
52 73 3
52 76 2
52 51 2
53 72 3
53 43 3
53 9 3
53 44 3
53 42 2
55 77 4
55 72 1
55 74 1
55 22 1
55 213 1
55 8 1
56 122 1
56 131 1
56 121 1
56 117 1
56 109 2
56 104 1
56 118 1
57 115 1
57 82 1
57 114 1
57 106 1
57 108 2
57 129 1
57 200 1
58 128 1
58 125 1
58 124 1
58 83 1
58 123 3
58 82 1
60 118 2
60 125 1
60 101 1
60 105 1
60 122 2
60 127 1
61 116 3
61 83 2
61 120 2
61 118 2
61 101 3
61 211 1
62 116 3
62 131 3
62 118 2
62 105 2
62 119 3
62 117 1
62 101 1
63 198 3
63 197 2
63 193 2
63 191 2
63 194 2
63 200 2
64 31 2
64 64 2
64 212 3
64 215 3
64 93 1
64 172 1
64 46 1
64 213 1
64 103 1
65 199 2
65 198 1
65 197 1
66 198 1
66 197 1
67 53 2
68 53 2
69 57 3
69 52 3
69 53 2
69 55 2
69 56 2
69 54 2
70 54 2
70 53 2
70 55 1
70 56 1
71 51 1
71 50 1
71 49 1
71 58 1
71 56 1
72 119 2
72 121 1
72 122 2
72 139 2
72 78 1
72 80 1
72 81 1
72 102 1
72 101 1
73 122 1
73 119 1
73 99 1
73 88 1
73 134 1
74 120 2
74 119 2
74 101 1
74 126 2
74 80 2
75 122 4
75 119 3
75 101 3
75 120 3
75 105 3
75 118 2
76 119 3
76 23 1
76 81 1
77 206 3
77 205 3
77 203 2
77 209 3
77 175 1
77 167 1
78 203 4
78 207 3
78 205 3
78 208 3
78 209 2
78 210 1
79 208 3
79 203 3
79 205 3
79 204 3
79 206 2
79 210 3
80 58 2
80 59 2
80 1 2
80 160 2
80 56 3
80 38 2
80 37 2
80 36 1
81 58 5
81 183 1
81 194 1
81 67 1
81 193 1
82 58 3
82 59 3
82 160 2
82 12 2
82 56 1
82 1 1
84 59 4
84 160 2
84 36 2
84 10 2
84 11 2
84 4 2
84 58 1
85 57 3
85 52 2
85 56 2
85 1 2
85 55 2
85 49 2
86 141 1
86 58 1
86 82 1
86 19 1
86 100 1
86 140 1
86 56 1
87 10 1
87 195 2
87 115 1
87 212 1
87 127 1
87 165 1
88 127 2
89 217 3
89 215 3
89 212 3
89 16 2
89 68 2
89 5 1
89 184 1
90 212 3
90 43 1
90 34 1
90 142 2
90 157 1
90 149 1
90 41 1
90 164 1
90 143 1
91 10 3
91 212 3
91 11 1
91 6 1
91 7 2
91 8 1
91 12 1
91 105 1
92 63 3
92 64 3
92 68 1
92 29 1
92 20 1
92 108 1
93 30 1
93 64 1
93 31 1
93 216 1
93 70 1
93 14 1
94 64 3
94 10 1
94 59 1
94 11 1
94 63 1
94 4 1
95 61 1
95 0 1
95 129 2
95 71 1
95 81 2
95 70 1
96 0 2
96 61 2
96 29 1
96 20 1
96 62 1
97 0 2
97 61 2
97 20 2
97 63 2
97 62 2
97 67 1
98 131 1
98 132 1
98 130 1
98 139 1
98 78 2
98 129 1
99 131 3
99 132 2
99 139 2
99 78 2
99 130 2
99 122 1
99 100 1
100 131 4
100 89 3
100 79 3
100 116 3
100 100 2
100 136 2
101 131 2
101 139 1
101 113 2
101 116 1
101 103 1
102 11 1
102 10 1
102 6 1
102 7 1
102 8 1
102 212 1
102 211 1
103 10 2
103 212 1
103 213 1
103 134 2
103 211 2
103 179 2
103 177 1
103 185 1
104 212 3
104 10 1
104 82 1
104 119 1
104 214 2
104 31 1
105 214 1
105 149 1
105 125 1
105 152 1
105 132 1
105 118 1
106 213 3
106 148 3
106 73 2
106 214 3
106 74 2
106 51 2
107 77 5
107 213 4
107 22 1
107 23 3
107 76 1
107 8 1
108 68 2
109 67 2
109 65 2
109 68 1
109 158 1
109 51 1
110 133 4
110 134 1
110 81 1
110 36 1
110 99 2
110 180 1
111 135 2
111 134 2
111 133 2
111 97 1
111 136 1
111 78 1
113 134 2
113 135 2
113 80 1
113 133 1
113 92 2
113 136 1
113 81 1
114 73 2
114 213 1
114 74 2
114 51 2
114 8 2
115 77 3
115 76 2
116 213 2
116 75 2
116 76 2
116 9 2
116 214 2
116 10 1
117 74 3
117 96 1
117 76 1
117 73 1
117 43 2
117 168 1
117 213 1
118 137 2
119 141 2
119 139 1
119 138 2
119 100 1
119 86 1
119 140 1
119 126 1
119 78 1
119 101 1
121 139 1
121 100 1
121 138 1
122 138 2
122 53 1
122 100 1
123 138 2
123 100 1
123 87 2
123 132 2
124 32 1
124 138 1
124 106 1
124 169 1
124 211 1
124 40 1
124 176 1
125 131 4
125 89 3
125 79 3
125 116 3
125 100 2
125 136 2
126 139 3
126 142 1
126 141 1
126 180 1
126 16 1
127 13 2
127 215 1
127 12 1
127 2 1
127 159 1
128 13 3
128 215 3
128 217 2
128 14 1
128 144 1
128 208 1
129 77 2
129 215 1
129 217 1
129 213 1
129 159 1
130 164 2
130 217 1
130 187 1
130 212 1
131 217 1
131 215 1
131 216 1
132 6 2
132 11 2
132 7 2
132 10 2
132 9 2
132 8 2
132 212 1
133 10 4
133 11 1
133 6 1
133 7 1
133 8 1
133 9 1
133 212 1
134 11 2
134 112 2
134 15 1
134 1 1
134 13 1
134 38 1
134 104 1
135 215 3
135 217 3
135 14 1
135 144 1
135 13 2
135 208 1
136 10 3
136 138 2
136 117 1
136 54 1
136 100 1
136 82 1
136 196 1
137 128 1
137 125 1
137 124 1
137 83 1
137 123 3
137 82 1
138 82 2
139 21 3
139 15 2
139 147 1
139 151 2
139 55 1
139 167 1
139 175 1
140 13 3
140 21 1
140 159 1
140 156 1
140 15 1
140 12 1
140 2 1
141 194 2
141 17 1
141 13 1
141 186 1
141 196 1
141 176 1
142 157 1
142 210 1
142 205 1
142 185 1
142 194 1
142 179 1
143 17 4
143 20 3
143 132 2
143 21 1
143 6 1
144 18 3
144 93 1
144 103 1
144 39 1
144 10 1
144 200 1
145 16 3
145 13 2
145 96 2
145 130 2
145 78 1
145 55 1
146 118 2
146 16 2
146 117 2
146 13 2
146 20 1
147 20 3
147 21 3
147 29 2
147 17 1
147 6 2
148 19 2
148 20 1
149 89 1
149 139 1
149 88 1
149 87 2
149 130 2
149 140 1
149 78 1
149 102 1
149 100 1
151 87 3
151 100 3
151 109 2
151 139 3
151 88 2
151 86 1
151 93 1
151 171 1
151 132 1
152 87 4
152 100 3
152 88 2
152 109 3
152 139 2
153 96 1
153 103 1
153 111 1
153 110 1
153 107 1
154 87 2
154 54 1
154 115 1
154 214 1
155 205 1
155 157 1
155 148 2
155 213 1
155 22 1
156 157 3
156 205 2
156 215 3
156 217 2
156 163 1
156 146 1
156 162 1
156 164 1
157 163 1
157 164 1
157 175 1
157 147 1
157 16 2
157 146 1
157 162 1
157 172 1
158 148 2
158 213 1
158 22 1
158 27 1
158 214 1
159 19 3
159 23 2
159 22 2
159 29 2
159 25 2
159 62 2
159 66 2
159 60 1
160 26 3
160 25 4
160 24 4
160 28 3
160 27 3
160 29 3
161 22 5
161 23 4
161 29 3
161 160 3
161 21 2
161 76 1
161 26 1
163 91 2
163 103 2
163 130 2
163 93 2
163 92 2
163 100 1
164 93 3
164 103 3
164 138 2
164 100 2
164 105 2
164 126 1
164 101 1
165 92 2
166 91 2
166 92 1
166 130 1
166 103 1
166 100 1
166 86 1
167 91 2
167 92 1
167 130 1
167 103 1
167 100 2
167 86 1
168 28 1
168 136 1
168 132 1
168 138 1
168 100 1
169 136 1
169 132 1
170 125 2
170 123 1
170 124 1
170 136 1
170 132 1
171 91 2
171 103 1
172 20 2
172 17 1
172 21 1
172 132 1
172 113 1
172 198 1
172 191 1
172 194 1
